6 zadań, 3 zasoby:
1. ######
2.
3.

1. #####
2. #
3.

1. ####
2. ##
3.

1. ###
2. ###
3.

1. ##
2. ####
3.

1. #
2. #####
3.

1.
2. ######
3.

1.
2. #####
3. #

1.
2. ####
3. ##

1.
2. ###
3. ###

1.
2. ##
3. ####

1.
2. #
3. #####

1.
2. 
3. ######

1. 
2. 
3. 

1. 
2. 
3. 

1. 
2. 
3. 

1. 
2. 
3. 

1. 
2. 
3. 

1. 
2. 
3. 

1. 
2. 
3. 

1. 
2. 
3. 

1. 
2. 
3. 

1. 
2. 
3. 

1. 
2. 
3. 

1. 
2. 
3. 

1. 
2. 
3. 

1. 
2. 
3. 

1. 
2. 
3. 

1. 
2. 
3. 

1. 
2. 
3. 

1. 
2. 
3. 

1. 
2. 
3. 

1. 
2. 
3. 

1. 
2. 
3. 

1. 
2. 
3. 

1. 
2. 
3. 

1. 
2. 
3. 

1. 
2. 
3. 

1. 
2. 
3. 

1. 
2. 
3. 